Tour: -2026617360 21890 
Cost: 1.000000
Lower Bound: 18.000000
Length: 2
City: 2
Tour: -2026617360 21890 
Cost: 5.000000
Lower Bound: 18.000000
Length: 2
City: 3
Tour: -2026617360 21890 
Cost: 13.000000
Lower Bound: 23.000000
Length: 2
City: 1
: 2
City: 1
ity: 1
h: 2
City: 1
ty: 1
